89,35
0,273
0,270
3,2
3,1
3,3
10,122
10,196
10,79
10,175
10,281
10,23
11,25
11,17
11,7
11,5
9,2
9,3
8,4
8,17
8,12
8,11
8,10
8,5
8,2
8,3
0,467
18,1
18,3
14,5
14,3
13,1
13,3
2,2
2,1
2,3
83,3
83,2
83,1
83,0
81,3
81,2
81,1
81,0
80,5
80,4
80,3
80,2
80,1
80,0
78,4
78,3
78,2
78,1
78,0
76,6
76,5
76,4
76,3
76,2
76,1
76,0
72,6
72,5
72,4
72,3
72,2
72,1
72,0
68,4
68,3
68,2
68,1
68,0
65,5
65,4
65,3
65,2
65,1
65,0
55,4
55,3
55,1
51,4
51,3
51,1
49,4
49,3
49,1
45,3
45,1
43,3
43,1
41,3
41,1
39,3
39,1
37,4
37,3
37,1
35,4
35,3
35,1
33,11
33,10
33,9
33,8
33,7
33,6
33,5
33,3
33,1
31,3
31,1
30,3
30,1
20,3
20,2
20,1
19,3
19,2
19,1
14,1
